0 39 EPCI_Boulogne_Dunkerque INSEE_COM
62281 62448         4210.31542
62281 62758         2580.46926
62281 62075         4109.82861
62281 62474         2106.35031
62281 62755          2419.5831
59359 59094          7043.5976
59359 59532         5983.90368
59359 59271         5410.32463
59359 59273         5138.86486
59359 59159         3657.61246
62300 62235         5500.83869
62300 62667         3614.11738
62300 62755         3725.91708
62300 62643         2354.48639
62300 62746         2391.28984
62758 62894         4595.29981
62758 62755         3624.22806
62758 62653         4516.67576
62758 62281         2580.46926
62758 62160         2937.37629
62474 62235         3789.46782
62474 62448         2682.82556
62474 62446          3593.5841
62474 62281         2106.35031
62474 62755         2815.12227
62755 62746         3664.14986
62755 62474         2815.12227
62755 62758         3624.22806
62755 62643         2124.74984
62755 62281          2419.5831
59340 59107         5832.16136
59340 59588         4609.50276
59340 59260         5591.49492
59340 59668         2881.91498
59340 59155         5349.00564
62604 62446         5788.57655
62604 62235         3923.28317
62604 62746         5418.43696
62604 62603         3062.20361
62604 62264           2833.963
62894 62160         4930.47644
62894 62658         3158.37839
62894 62758         4595.29981
62894 62893         2608.37283
62894 62653         4303.37608
62075 62237         4890.80528
62075 62281         4109.82861
62075 62474         4613.74194
62075 62908         3282.35986
62075 62448         3996.89731
62658 62758          5139.1573
62658 62894         3158.37839
62658 62908         4025.19338
62658 62653          1709.2029
62658 62237         3707.30758
59273 59094         7500.01936
59273 59532         3625.27091
59273 59159         6184.52633
59273 59272          2646.1836
59273 59359         5138.86486
62235 62604         3923.28317
62235 62474         3789.46782
62235 62746         3118.99801
62235 62603         3376.22084
62235 62446          2710.1239
62893 62653         6837.62743
62893 62658         5469.14279
62893 62758         6729.75536
62893 62894         2608.37283
62893 62160         5991.82377
59588 59016         7085.91358
59588 59668          7062.1601
59588 59131         5176.30925
59588 59340         4609.50276
59588 59155         3411.81271
59155 59340         5349.00564
59155 59016         5165.81267
59155 59183         4315.65348
59155 59131         3018.91292
59155 59588         3411.81271
62667 62758         5261.20336
62667 62300         3614.11738
62667 62755         3713.82917
62667 62643         1927.67316
62667 62160         2773.27201
59016 59271         5598.94183
59016 59576         2546.46137
59016 59183         5416.34227
59016 59131         2154.67278
59016 59155         5165.81267
62908 62758         4866.70418
62908 62658         4025.19338
62908 62075         3282.35986
62908 62237         1813.40726
62908 62653          2321.0085
59094 59576         8569.96302
59094 59532         4262.70793
59094 59273         7500.01936
59094 59159         3590.18413
59094 59359          7043.5976
62653 62758         4516.67576
62653 62908          2321.0085
62653 62894         4303.37608
62653 62658          1709.2029
62653 62237         2386.68766
59260 59155         9787.62682
59260 59340         5591.49492
59260 59588         7103.27141
59260 59668         4450.67701
59260 59107         4187.39483
59131 59588         5176.30925
59131 59155         3018.91292
59131 59576          4542.2995
59131 59016         2154.67278
59131 59183         4420.38232
62603 62448         5619.40293
62603 62235         3376.22084
62603 62264         5025.41756
62603 62604         3062.20361
62603 62446         3597.95927
59272 59094         9171.12385
59272 59532          4915.2895
59272 59159         8580.35146
59272 59273          2646.1836
59272 59359         7774.44686
62448 62281         4210.31542
62448 62474         2682.82556
62448 62235         4112.32909
62448 62446         2023.01573
62448 62075         3996.89731
59159 59576         6468.60657
59159 59532         4625.26962
59159 59273         6184.52633
59159 59094         3590.18413
59159 59359         3657.61246
62237 62758         6310.23571
62237 62658         3707.30758
62237 62075         4890.80528
62237 62908         1813.40726
62237 62653         2386.68766
59271 59131         5979.55636
59271 59016         5598.94183
59271 59183         3559.25195
59271 59576         4881.19721
59271 59359         5410.32463
59532 59359         5983.90368
59532 59272          4915.2895
59532 59159         4625.26962
59532 59273         3625.27091
59532 59094         4262.70793
59576 59159         6468.60657
59576 59131          4542.2995
59576 59183         6306.63585
59576 59016         2546.46137
59576 59271         4881.19721
62643 62746         3675.85184
62643 62300         2354.48639
62643 62160         3430.67223
62643 62667         1927.67316
62643 62755         2124.74984
62746 62474         4236.06006
62746 62235         3118.99801
62746 62643         3675.85184
62746 62300         2391.28984
62746 62755         3664.14986
62264 62446         8350.89587
62264 62235         6745.20061
62264 62746         8037.83223
62264 62603         5025.41756
62264 62604           2833.963
62446 62746         5472.31708
62446 62603         3597.95927
62446 62235          2710.1239
62446 62448         2023.01573
62446 62474          3593.5841
59668 59155         8230.68261
59668 59107         3023.24186
59668 59588          7062.1601
59668 59340         2881.91498
59668 59260         4450.67701
62160 62281         4494.07174
62160 62755         3670.21491
62160 62643         3430.67223
62160 62758         2937.37629
62160 62667         2773.27201
59107 59155         11137.3996
59107 59340         5832.16136
59107 59588         9502.19411
59107 59668         3023.24186
59107 59260         4187.39483
59183 59576         6306.63585
59183 59016         5416.34227
59183 59131         4420.38232
59183 59271         3559.25195
59183 59155         4315.65348
